0 192.588837 30.102782
1 192.588837 24.983059
2 192.588837 19.836142
3 192.588837 14.667633
4 192.588837 9.483158
5 192.588837 4.288360
6 192.588837 -0.911105
7 192.588837 -6.109579
8 192.588837 -11.301403
9 192.588837 -16.480924
10 192.588837 -21.642506
11 192.588837 -26.780530
12 187.453057 48.908919
13 187.453057 43.937492
14 187.453057 38.918728
15 187.453057 33.858034
16 187.453057 28.760862
17 187.453057 23.632704
18 187.453057 18.479085
19 187.453057 13.305557
20 187.453057 8.117694
21 187.453057 2.921086
22 187.453057 -2.278670
23 187.453057 -7.475971
24 187.453057 -12.665218
25 187.453057 -17.840819
26 187.453057 -22.997199
27 187.453057 -28.128803
28 187.453057 -33.230101
29 187.453057 -38.295598
30 187.453057 -43.319837
31 187.453057 -48.297404
32 187.453057 -53.222937
33 182.293563 56.690700
34 182.293563 51.802750
35 182.293563 46.859441
36 182.293563 41.866056
37 182.293563 36.827932
38 182.293563 31.750452
39 182.293563 26.639042
40 182.293563 21.499165
41 182.293563 16.336312
42 182.293563 11.156003
43 182.293563 5.963771
44 182.293563 0.765166
45 182.293563 -4.434256
46 182.293563 -9.628940
47 182.293563 -14.813334
48 182.293563 -19.981898
49 182.293563 -25.129109
50 182.293563 -30.249465
51 182.293563 -35.337496
52 182.293563 -40.387763
53 182.293563 -45.394871
54 182.293563 -50.353468
55 182.293563 -55.258255
56 177.115803 53.933440
57 177.115803 49.011804
58 177.115803 44.038104
59 177.115803 39.017626
60 177.115803 33.955701
61 177.115803 28.857706
62 177.115803 23.729058
63 177.115803 18.575203
64 177.115803 13.401617
65 177.115803 8.213795
66 177.115803 3.017248
67 177.115803 -2.182504
68 177.115803 -7.379937
69 177.115803 -12.569532
70 177.115803 -17.745774
71 177.115803 -22.903166
72 177.115803 -28.036229
73 177.115803 -33.139511
74 177.115803 -38.207590
75 177.115803 -43.235084
76 177.115803 -48.216651
77 177.115803 -53.147000
78 171.925248 55.308045
79 171.925248 50.400824
80 171.925248 45.440271
81 171.925248 40.431636
82 171.925248 35.380219
83 171.925248 30.291364
84 171.925248 25.170457
85 171.925248 20.022916
86 171.925248 14.854189
87 171.925248 9.669743
88 171.925248 4.475066
89 171.925248 -0.724347
90 171.925248 -5.922994
91 171.925248 -11.115372
92 171.925248 -16.295990
93 171.925248 -21.459364
94 171.925248 -26.600031
95 171.925248 -31.712551
96 171.925248 -36.791515
97 171.925248 -41.831549
98 171.925248 -46.827319
99 171.925248 -51.773539
100 166.727379 51.030822
101 166.727379 46.076346
102 166.727379 41.073200
103 166.727379 36.026670
104 166.727379 30.942085
105 166.727379 25.824817
106 166.727379 20.680270
107 166.727379 15.513880
108 166.727379 10.331102
109 166.727379 5.137412
110 166.727379 -0.061705
111 166.727379 -5.260757
112 166.727379 -10.454251
113 166.727379 -15.636703
114 166.727379 -20.802639
115 166.727379 -25.946601
116 166.727379 -31.063156
117 166.727379 -36.146899
118 166.727379 -41.192462
119 166.727379 -46.194514
120 166.727379 -51.147771
121 161.527685 50.903834
122 161.527685 45.948127
123 161.527685 40.943869
124 161.527685 35.896348
125 161.527685 30.810896
126 161.527685 25.692888
127 161.527685 20.547731
128 161.527685 15.380863
129 161.527685 10.197742
130 161.527685 5.003846
131 161.527685 -0.195338
132 161.527685 -5.394315
133 161.527685 -10.587592
134 161.527685 -15.769682
135 161.527685 -20.935108
136 161.527685 -26.078414
137 161.527685 -31.194163
138 161.527685 -36.276952
139 161.527685 -41.321407
140 161.527685 -46.322201
141 161.527685 -51.274048
142 156.331658 50.019445
143 156.331658 45.055249
144 156.331658 40.043326
145 156.331658 34.988987
146 156.331658 29.897586
147 156.331658 24.774515
148 156.331658 19.625201
149 156.331658 14.455099
150 156.331658 9.269685
151 156.331658 4.074452
152 156.331658 -1.125097
153 156.331658 -6.323454
154 156.331658 -11.515113
155 156.331658 -16.694574
156 156.331658 -21.856352
157 156.331658 -26.994977
158 156.331658 -32.105008
159 156.331658 -37.181031
160 156.331658 -42.217670
161 156.331658 -47.209588
162 151.144787 48.374826
163 151.144787 43.395214
164 151.144787 38.369424
165 151.144787 33.302803
166 151.144787 28.200744
167 151.144787 23.068675
168 151.144787 17.912057
169 151.144787 12.736379
170 151.144787 7.547148
171 151.144787 2.349886
172 151.144787 -2.849877
173 151.144787 -8.046608
174 151.144787 -13.234775
175 151.144787 -18.408859
176 151.144787 -23.563354
177 151.144787 -28.692774
178 151.144787 -33.791661
179 151.144787 -38.854589
180 151.144787 -43.876170
181 151.144787 -48.851061
182 145.972549 45.964959
183 145.972549 40.963640
184 145.972549 35.918437
185 145.972549 30.834753
186 145.972549 25.718037
187 145.972549 20.573768
188 145.972549 15.407459
189 145.972549 10.224644
190 145.972549 5.030875
191 145.972549 -0.168284
192 145.972549 -5.367263
193 145.972549 -10.560491
194 145.972549 -15.742406
195 145.972549 -20.907456
196 145.972549 -26.050108
197 145.972549 -31.164852
198 145.972549 -36.246209
199 145.972549 -41.288735
200 145.972549 -46.287028
201 140.820407 42.783076
202 140.820407 37.754715
203 140.820407 32.685546
204 140.820407 27.581050
205 140.820407 22.446744
206 140.820407 17.288175
207 140.820407 12.110922
208 140.820407 6.920578
209 140.820407 1.722754
210 140.820407 -3.476932
211 140.820407 -8.672860
212 140.820407 -13.859413
213 140.820407 -19.030988
214 140.820407 -24.181992
215 140.820407 -29.306860
216 140.820407 -34.400052
217 140.820407 -39.456063
218 140.820407 -44.469428
219 135.693802 43.838343
220 135.693802 38.821339
221 135.693802 33.761911
222 135.693802 28.665587
223 135.693802 23.537937
224 135.693802 18.384564
225 135.693802 13.211100
226 135.693802 -12.759283
227 135.693802 -17.934231
228 135.693802 -23.089580
229 135.693802 -28.219696
230 135.693802 -33.318973
231 135.693802 -38.381839
232 135.693802 -43.402760
233 130.598149 39.126864
